0.3105462500000002
0.2687467578125003
0.24949994357638686
0.23622124180484713
0.22655592255036022
0.22049371955959038
0.21695973186835207
0.21523269888027086
0.2145552323398341
0.21348239335308888
0.21121765508883966
0.21030922040941225
0.2077527992246503
0.2052559528838111
0.20203839601144744
0.19976223944567578
0.19761333570773496
0.19523138524437395
0.1926451216349863
0.1894630144147966
0.18764053168000727
0.18557539676845258
0.18334539862886784
0.18128518344683392
0.1791135020118693
0.17705219469145628
0.1753823002928396
0.17322031682869576
0.1712501866312911
0.16924985141085386
0.16784727196394852
0.16611712332780912
0.16480720725362707
0.1630813155552331
0.16161102059853302
0.16035352679745746
0.15877839285741116
0.15761463908597242
0.1561350092399648
0.15468530119071333
0.15319020597353955
0.1516741820661678
0.15016353808678756
0.14873485776226045
0.1476915730138138
0.14642124444523816
0.14542651859027955
0.14422782910602283
0.14323543713805656
0.14223932967391337
0.14110181608083014
0.13979273482964832
0.1387628914630983
0.13760405622407007
0.13664394957944365
0.1357252631423795
0.13481923256578343
0.13390226126500873
0.13305950150783685
0.13201284799844637
0.13121010846123893
0.1302977589816014
0.12940749861760273
0.12860355223448752
0.12768885062566213
0.12678968504029045
0.12575667938208993
0.1250106392048926
0.12414728300704275
0.12344840511132349
0.12278781538901117
0.12204367252575192
0.12126172152658446
0.12041623357570336
0.1196405549576392
0.11890433210107099
0.11828354353192583
0.11764775492625995
0.11692938254194682
0.11629394320754936
0.11560597540458105
0.11481208795577671
0.11404995583425648
0.1132711349279491
0.11271087131258593
0.11233273692137237
0.11169901863699067
0.11116218610492029
0.11066754898346459
0.10997554965873277
0.10930974923366145
0.10885420888324615
0.10830145514337537
0.10774458260946236
0.10717107002233192
0.10670067705727228
0.10616282809947591
0.10576695698947275
0.10509936278903395
0.10446581752611855
0.10401253433432854
0.10346196705682839
0.10308916860193079
0.10270205752602118
0.10216219835962494
0.1015515055462908
0.10115372851320821
0.10056463456374251
0.10001590214783719
0.09957123485119236
0.09900630125969222
0.09844058433253772
0.09808267323050476
0.0976469480241555
0.09726384357030927
0.09671929080569859
0.09637585543862943
0.09588319289174942
0.09534032172367943
0.09490987836457408
0.09448579885297896
0.09413359729741531
0.09370284893458505
0.09328446384676753
0.0929125374598951
0.09231891396565783
0.09191452681652106
0.09148067177914226
0.09113347025267306
0.09068207249167845
0.09034128852906732
0.08991677790429185
0.08959683377587552
0.08917452543298907
0.08875563367263986
0.08836289345971991
0.08794914305836278
0.08757071304397858
0.08730829256136531
0.08683605938696864
0.08649047139744664
0.08616678102651779
0.08572591121162423
0.08543919607280001
0.08511806305627713
0.08481264992387771
0.0844781291595769
0.08416866031553574
0.08379225858633833
0.08344317977588636
0.08302179237149312
0.08264738476118257
0.08226640161547831
0.08195514954335895
0.08163392309582904
0.08129826560737125
0.08084511837092381
0.08063745943773178
0.08037885702120953
0.08015567937374425
0.07984339788964567
0.07960147398389848
0.07925695233289116
0.07896083231354721
0.07856936973936608
0.0781449607456741
0.07773830170578207
0.0774542316549557
0.07718112597516175
0.07690780729603129
0.07658670592817488
0.0763161431811291
0.07608077004233191
0.07585279097405861
0.07558461625843538
0.0752813199464677
0.07506259406250938
0.0747804964225102
0.07451546515236157
0.07424866287633414
0.07411478027906307
0.0738577302076982
0.07357912715156062
0.07340727421448962
0.0732014816857028
0.07294236330246712
0.07275732560071041
0.072524204454425
0.07225861119622831
0.07202186869824692
0.07186925010000542
0.07157914687763699
0.0712636482590863
0.07103863568663599
0.07084814883572313
0.07063998363886032
0.0703515210144035
0.07015337313359858
0.06988596536615124
0.06967939878508571
0.0693986389021145
0.06919911722517821
0.06902639880443276
0.06877438694643251
0.06851473292179144
0.06824549111868636
0.0680055311012851
0.0677336317368821
0.06744677918917703
0.06727779617127588
0.06704832310005418
0.06682662985486401
0.06644714918794077
0.06619324358859587
0.06586497281835688
0.06557101384366973
0.06519294589023844
0.06481125264386152
0.06445136727467722
0.06407552084832012
0.06369775099147108
0.0632575894089213
0.06278843220294338
0.06228935166688322
0.06174012085554167
0.06120583696771712
0.060585355017154896
0.06003094988967334
0.05942168443129976
0.05881833590176027
0.0582403485356695
0.0576779641668782
0.0570886379827532
0.05647846171805138
0.05585786930095969
0.05523069826636784
0.05462297128418788
0.05400897986837615
0.053386029230085806
0.052776022219635524
