0.09185546875
0.0892578125
0.0938671875
0.09533203125
0.10359375
0.09044921875
0.0905078125
0.09767578125
0.1001953125
0.0869140625
0.101953125
0.14589285714285652
0.13290816326530527
0.10271484375
0.09263671875
0.09130859375
0.094140625
0.0951953125
0.105234375
0.09966796875
0.14530612244897903
0.0885546875
0.0973046875
0.13128826530612178
0.16624999999999945
0.09462890625
0.09431640625
0.11850765306122377
0.08646484375
0.08455078125
0.097421875
0.09865234375
0.086328125
0.10328125
0.14702806122448955
0.090703125
0.0992578125
0.0902734375
0.19982638888888893
0.10091796875
0.0933984375
0.09029296875
0.09490234375
0.10330078125
0.10087890625
0.08146484375
0.10134765625
0.09095703125
0.1056640625
0.320078125
0.087890625
0.09685546875
0.0965234375
0.18645833333333298
0.10739795918367262
0.09853515625
0.08765625
0.09119140625
0.08916015625
0.18649305555555568
0.08708984375
0.09669921875
0.0945703125
0.09837890625
0.09578125
0.0916015625
0.0975
0.08736328125
0.1089453125
0.09333984375
0.09080078125
0.09888671875
0.0942578125
0.086953125
0.178298611111111
0.086640625
0.09369140625
0.09095703125
0.0945703125
0.09455078125
0.08755859375
0.0978125
0.09140625
0.13997448979591745
0.1008984375
0.0966796875
0.10009765625
0.10447265625
0.09380859375
0.097890625
0.1020703125
0.18083333333333265
0.16430555555555593
0.17067602040816277
0.09677734375
0.086484375
0.09462890625
0.08974609375
0.08833984375
0.09978515625
0.10544921875
0.09109375
0.09103515625
0.0976953125
0.08412109375
0.08861328125
0.098515625
0.09244140625
0.0925
0.09658203125
0.09537109375
0.1038671875
0.09818359375
0.08234375
0.09611328125
0.1238520408163259
0.1512755102040809
0.09912109375
0.0902734375
0.14475765306122454
0.09259765625
0.09896484375
0.10203125
0.09560546875
0.10099609375
0.17520833333333283
0.09990234375
0.0969140625
0.09650390625
0.09228515625
0.0976171875
0.097421875
0.10017578125
0.084609375
0.09494140625
0.09453125
0.090546875
0.0841015625
0.09015625
0.17749999999999969
0.1003515625
0.09255859375
0.1081640625
0.09123046875
0.09490234375
0.094609375
0.10046875
0.101640625
0.10087890625
0.09052734375
0.09916015625
0.09736328125
0.1002734375
0.09119140625
0.096328125
0.09044921875
0.086015625
0.099296875
0.12302295918367287
0.1600510204081631
0.09693359375
0.09662109375
0.09310546875
0.095
0.15840561224489755
0.1168359375
0.091875
0.098359375
0.10052734375
0.0939453125
0.1015625
0.08697265625
0.096796875
0.1706944444444443
0.09564453125
0.093984375
0.09630859375
0.09693359375
0.0948046875
0.10666015625
0.133671875
0.09845703125
0.10466796875
0.18600694444444332
0.0921875
0.08763671875
0.0931640625
0.1019140625
0.09931640625
0.09486328125
0.09375
0.09013671875
0.097578125
0.09767578125
0.091953125
0.10443877551020328
0.100234375
0.09255859375
0.08828125
0.08662109375
0.09783203125
0.09037109375
0.084296875
0.100078125
0.08541015625
0.08296875
0.103203125
0.095703125
0.10216796875
0.12428571428571354
0.09486328125
0.09037109375
0.1040625
0.09693359375
0.1015234375
0.09462890625
0.0963671875
0.09068359375
0.1034765625
0.15614583333333396
0.0978125
0.09076171875
0.09771484375
0.098203125
0.08576171875
0.08365234375
0.10294921875
0.0954296875
0.1784374999999995
0.102421875
0.101328125
0.0921875
0.0937890625
0.08908203125
0.09275390625
0.0983984375
0.10470703125
0.09751953125
0.13170918367346887
0.1045703125
0.0835546875
0.10408203125
0.13663265306122394
0.1061328125
0.08501953125
0.1068359375
0.10171875
0.0980859375
0.09634765625
0.09568359375
0.09451171875
0.09568359375
0.08693359375
0.19225694444444358
0.096015625
0.10212890625
0.13373724489795863
0.08474609375
0.1101953125
0.087890625
0.09693359375
0.09376953125
0.0985546875
0.10033203125
0.0987890625
0.09177734375
0.097734375
0.10080078125
0.0993359375
0.09904296875
0.096484375
0.0978515625
0.09814453125
0.09220703125
0.0984375
0.096640625
0.10748046875
0.0959375
0.12682397959183633
0.09138671875
0.083203125
0.1560204081632646
0.09751953125
0.08986328125
0.09552734375
0.1002734375
0.1006640625
0.08859375
0.08921875
0.0955859375
0.0922265625
0.09958984375
0.0952734375
0.0940625
0.09517578125
0.094609375
0.09580078125
0.10244140625
0.12617346938775473
0.0975390625
0.09162109375
0.12589285714285653
0.0924609375
0.11322704081632619
0.09716796875
0.0946484375
0.096015625
0.0898046875
0.08841796875
0.09189453125
0.11609693877550942
0.105078125
0.094453125
0.09587890625
0.08875
0.0880078125
0.0870703125
0.0888671875
0.15640306122448963
0.0990234375
0.099609375
0.0833984375
0.09556640625
0.09181640625
0.0947265625
0.104296875
0.09994140625
0.0895703125
0.08720703125
0.09626953125
0.09138671875
0.092578125
0.1539540816326524
0.11084183673469317
0.09955078125
0.10041015625
0.0866015625
0.10416015625
0.10017578125
0.10287109375
0.10005859375
0.103515625
0.09701171875
0.1381505102040808
0.0866015625
0.088125
0.0865625
0.0990625
0.0930078125
0.10052734375
0.1005078125
0.09552734375
0.163090277777778
0.0937109375
0.09591796875
0.0991015625
0.09609375
0.1002734375
0.0993359375
0.0935546875
0.08947265625
0.08580078125
0.1091015625
0.09708984375
0.097734375
0.094609375
0.0881640625
0.0848828125
0.1037109375
0.0973046875
0.16505102040816286
0.10490234375
0.0946875
0.094453125
0.0940234375
0.09685546875
0.1012890625
0.08787109375
0.11767857142857058
0.14077806122448933
0.09669921875
0.0885546875
0.0998046875
0.10171875
0.0864453125
0.10240234375
0.08896484375
0.1030078125
0.0917578125
0.09369140625
0.09798828125
0.0880859375
0.10251953125
0.0992578125
0.10486328125
0.09427734375
0.1248724489795913
0.09603515625
0.0978515625
0.10568359375
0.096953125
0.1836111111111105
0.0944140625
0.1382908163265304
0.09970703125
0.19225694444444502
0.0941015625
0.15442602040816258
0.08474609375
0.1033984375
0.08744140625
0.09314453125
0.100234375
0.09525390625
0.1733333333333335
0.08849609375
0.08892578125
0.098125
0.096328125
0.16840277777777782
0.09638671875
0.09630859375
0.09685546875
0.0908203125
0.08828125
0.10203125
0.09658203125
0.0930078125
0.09419921875
0.10146484375
0.095625
0.08908203125
0.1001953125
0.10240234375
0.099609375
0.09498046875
0.101953125
0.09705078125
0.0972265625
0.09884765625
0.089765625
0.08732421875
0.100078125
0.0988671875
0.09150390625
0.10287109375
0.09619140625
0.10173828125
0.09859375
0.0948828125
0.096875
0.11328125
0.11933673469387696
0.09251953125
0.344296875
0.09109375
0.10220703125
0.09494140625
0.09291015625
0.1576530612244893
0.098671875
0.0878515625
0.1672448979591833
0.12581632653061164
0.10697704081632572
0.16104591836734689
0.09837890625
0.09662109375
0.13589285714285665
0.0930859375
0.08681640625
0.08849609375
0.0969921875
0.09931640625
0.14309948979591774
0.10615234375
0.09373046875
0.08751953125
0.08994140625
0.09431640625
0.092734375
0.09361328125
0.09251953125
0.1045703125
0.11987244897959112
0.0945703125
0.0891015625
0.14530612244897928
0.09513671875
0.09453125
0.09291015625
0.09181640625
0.11146484375
0.09166015625
0.0946875
0.0858984375
0.08595703125
0.09095703125
0.13635204081632604
0.09830078125
0.08470703125
0.16466836734693835
0.08642578125
0.098359375
0.0906640625
0.096875
0.09111328125
0.09796875
0.09361328125
0.12781887755102025
0.09529296875
0.098359375
0.101875
0.09486328125
0.10552734375
0.10939453125
0.09583984375
0.09029296875
0.1
0.0903125
0.09041015625
0.12623724489795873
0.09890625
0.11173828125
0.0956640625
0.098984375
0.0925390625
0.09478515625
0.09046875
0.11978316326530568
0.10341796875
0.15668367346938722
0.08857421875
0.0994140625
0.09681640625
0.0973046875
0.08923828125
0.15005102040816315
0.09337890625
0.09943359375
0.095
0.09857421875
0.1001953125
0.0876953125
0.13862244897959092
0.09439453125
0.095390625
0.08896484375
0.09041015625
0.10091796875
0.09921875
0.10462890625
0.0928515625
0.1108290816326523
0.09599609375
0.1689583333333329
0.09869140625
0.0963671875
0.09328125
0.18163194444444425
0.0928125
0.10420918367346836
0.1269260204081627
0.09353515625
0.1019140625
0.16885416666666692
0.08755859375
0.08443359375
0.10048828125
0.09373046875
0.10560546875
0.1044921875
0.0996875
0.19163194444444379
0.091796875
0.09796875
0.17822916666666694
0.0953515625
0.097109375
0.1316709183673463
0.097421875
0.09923828125
0.3325
0.09720703125
0.094921875
0.10318359375
0.17430555555555546
0.10142578125
0.09537109375
0.0992578125
0.19454861111111055
0.09681640625
0.17486111111111086
0.11270408163265218
0.09779296875
0.1167091836734685
0.09552734375
0.0902734375
0.0935546875
0.1008984375
0.08890625
0.09173828125
0.1016796875
0.09271484375
0.10509765625
0.0880078125
0.10546875
0.09607421875
0.09302734375
0.09546875
0.10753826530612151
0.09259765625
0.18663194444444453
0.17055555555555607
0.12176020408163218
0.10091796875
0.09404296875
0.09732421875
0.10080078125
0.10166015625
0.177372448979591
0.10189453125
0.0857421875
0.100703125
0.0986328125
0.08763671875
0.17333333333333337
0.17270408163265208
0.1051953125
0.093203125
0.0886328125
0.09580078125
0.09962890625
0.0898828125
0.19881944444444435
0.16205357142857088
0.09525390625
0.1008203125
0.14859693877550964
0.09251953125
0.1028125
0.08498046875
0.09580078125
0.096875
0.093984375
0.13162109375
0.09337890625
0.09830078125
0.098515625
0.09875
0.09921875
0.09771484375
0.10908203125
0.10103515625
0.096875
0.087421875
0.09994140625
0.16923611111111136
0.09619140625
0.0889453125
0.0884375
0.09970703125
0.1015625
0.0986328125
0.0990625
0.09703125
0.09552734375
0.08419921875
0.1037109375
0.08873046875
0.1012109375
0.08400390625
0.09408203125
0.08712890625
0.09544921875
0.09845703125
0.09255859375
0.0938671875
0.092421875
0.1001953125
0.10009765625
0.1018359375
0.0894921875
0.089921875
0.08626953125
0.10119140625
0.0960546875
0.10048828125
0.09447265625
0.09412109375
0.0967578125
0.09255859375
0.1015234375
0.13796875
0.12110969387755038
0.08845703125
0.19451388888888857
0.090390625
0.0978515625
0.086328125
0.09626953125
0.0940234375
0.09890625
0.09330078125
0.14809948979591783
0.15738520408163223
0.094296875
0.08560546875
0.0954296875
0.15835459183673412
0.1008984375
0.10455078125
0.0983203125
0.091875
0.0940625
0.09396484375
0.0997265625
0.097109375
0.0980078125
0.09576171875
0.10076171875
0.09642578125
0.097421875
0.0959375
0.17833333333333312
0.0892578125
0.10041015625
0.17150510204081562
0.08802734375
0.089609375
0.0921484375
0.1310841836734688
0.08462890625
0.0949609375
0.09814453125
0.17569444444444457
0.0921875
0.09154296875
0.09966796875
0.16409722222222228
0.0976171875
0.1214413265306119
0.0884375
0.0880859375
0.10431640625
0.0952734375
0.0886328125
0.08787109375
0.08689453125
0.09734375
0.095703125
0.0920703125
0.09990234375
0.09587890625
0.10107421875
0.09373046875
0.10208984375
0.1034765625
0.09947265625
0.09193359375
0.1794097222222213
0.09994140625
0.0908203125
0.0983203125
0.09755859375
0.10988520408163166
0.15145408163265306
0.09564453125
0.10134765625
0.10017578125
0.10060546875
0.1094921875
0.09990234375
0.0914453125
0.0987890625
0.0900390625
0.09349609375
0.0950390625
0.1316326530612238
0.09462890625
0.09029296875
0.09130859375
0.09703125
0.10138671875
0.10013671875
0.1030859375
0.0955078125
0.09275390625
0.13501275510204028
0.09962890625
0.09654296875
0.09900390625
0.0880859375
0.09533203125
0.1044140625
0.09154296875
0.0926953125
0.18965277777777811
0.0880078125
0.10234375
0.0992578125
0.111640625
0.0975
0.1012109375
0.09474609375
0.08576171875
0.09712890625
0.09158203125
0.13498724489795869
0.100859375
0.0958203125
0.1689236111111113
0.10734375
0.08921875
0.08248046875
0.09240234375
0.0967578125
0.09705078125
0.10490234375
0.13635204081632607
0.094765625
0.1016796875
0.09228515625
0.1008984375
0.10296875
0.08751953125
0.09376953125
0.0875
0.08736328125
0.09619140625
0.091796875
0.10037109375
0.09955078125
0.0996875
0.088125
0.09361328125
0.15916666666666737
0.15187499999999998
0.09423828125
0.14252551020408138
0.09181640625
0.1003125
0.08716796875
0.10287109375
0.09349609375
0.0839453125
0.0937890625
0.09982421875
0.09646484375
0.098046875
0.09609375
0.09953125
0.0974609375
0.094609375
0.104609375
0.1010546875
0.22152500000000497
0.08568359375
0.15278061224489783
0.0948046875
0.09392578125
0.14400510204081576
0.0983203125
0.0916796875
0.098671875
0.08931640625
0.09501953125
0.086875
0.16885416666666664
0.1009765625
0.09080078125
0.0910546875
0.12562499999999935
0.1534056122448978
0.0919140625
0.09447265625
0.09591796875
0.09076171875
0.08716796875
0.15547193877551
0.09404296875
0.09689453125
0.0875390625
0.09076171875
0.09541015625
0.10725765306122337
0.101640625
0.0889453125
0.1004296875
0.090703125
0.10578125
0.0980859375
0.09623046875
0.0949609375
0.100234375
0.08787109375
0.089453125
0.090859375
0.09650390625
0.0975
0.0995703125
0.09439453125
0.10353515625
0.101953125
0.09373046875
0.10193359375
0.09015625
0.09912109375
0.0894921875
0.0860546875
0.095390625
0.1383163265306117
0.09421875
0.09443359375
0.0988671875
0.0953125
0.09642578125
0.0971484375
0.09759765625
0.089296875
0.0846484375
0.10490234375
0.14309948979591763
0.0923828125
0.1026953125
0.089609375
0.09525390625
0.08646484375
0.09912109375
0.18736111111110976
0.10228515625
0.09025390625
0.09099609375
0.09859375
0.09953125
0.16169642857142807
0.0868359375
0.15610969387755044
0.08990234375
0.12826171875
0.10107421875
0.0998046875
0.09439453125
0.097421875
0.0937109375
0.10529296875
0.0897265625
0.09671875
0.096015625
0.10447265625
0.14838010204081617
0.0928125
0.10107421875
0.09330078125
0.0984765625
0.1007421875
0.1135714285714275
0.08359375
0.14687499999999934
0.10435546875
0.0979296875
0.1151147959183666
0.09859375
0.08701171875
0.08404296875
0.0895703125
0.09236328125
0.08607421875
0.1179209183673459
0.09900390625
0.10283203125
0.0844921875
0.096953125
0.09681640625
0.094765625
0.09033203125
0.09814453125
0.0866796875
0.08486328125
0.13395408163265268
0.08818359375
0.104375
0.09939453125
0.0838671875
0.101484375
0.12627551020408082
0.09986328125
0.0972265625
0.0875390625
0.100078125
0.16864583333333374
0.0984765625
0.0983203125
0.099921875
0.10037109375
0.08767578125
0.0894140625
0.0901171875
0.0995703125
0.09431640625
