6.10926
3.31566
5.7436
7.7229399999999995
9.333210000000001
5.96694
5.31886
4.9674
6.767360000000001
3.56799
4.77616
1.7431400000000001
1.04919
2.00228
3.4193
6.682860000000001
4.5782099999999994
7.384119999999999
9.66071
3.8019
1.36321
7.19255
5.7644400000000005
1.34375
1.81118
9.99044
9.68421
5.77088
8.752089999999999
2.7520599999999997
8.206389999999999
8.58668
2.20991
9.96752
1.4840799999999998
2.44533
4.0614099999999995
9.43511
1.21281
7.3945300000000005
3.59248
9.20328
4.05435
8.04141
4.85276
5.81153
4.080080000000001
3.2788699999999995
7.65085
1.25844
2.2871599999999996
5.09495
7.215560000000001
1.60638
7.3233
6.71137
2.73807
2.69349
7.65728
1.09423
5.97633
5.9732199999999995
3.6557199999999996
6.9988600000000005
8.87631
6.69375
6.610519999999999
8.47546
9.49681
4.5441400000000005
7.69232
2.2362599999999997
2.95201
5.67209
1.2438200000000001
9.02714
6.06569
9.03285
4.69883
6.62573
2.94378
9.170810000000001
8.19396
1.49524
3.96274
8.26967
9.18887
7.01312
7.102119999999999
5.943169999999999
2.24801
1.33755
1.59728
1.7117099999999998
9.905489999999999
3.49851
3.8721099999999997
6.95225
5.808269999999999
5.58855
8.93801
9.89527
5.70512
5.58261
7.6843699999999995
6.53466
9.51046
8.008560000000001
2.17393
9.482660000000001
5.25729
2.28116
9.33412
9.513010000000001
7.9339
1.5704799999999999
1.2369299999999999
9.51142
3.71622
1.8169
5.45621
5.52237
4.9732199999999995
3.4596400000000003
5.942740000000001
1.20913
8.52246
4.42122
2.99246
6.6796
7.90367
5.400580000000001
2.64728
8.09956
8.99891
8.15821
3.1502
7.9444300000000005
5.70026
1.69071
4.88089
7.131410000000001
2.24822
8.754480000000001
4.75226
2.39182
6.80398
8.01683
4.35175
7.46168
2.98561
5.64795
9.68649
6.53811
5.741219999999999
7.4210899999999995
4.095269999999999
8.061919999999999
3.91465
1.6791
7.45032
3.7371199999999996
9.852960000000001
5.93717
1.27852
7.59197
5.15543
8.12084
3.3889400000000003
7.59537
8.6129
6.622039999999999
8.2027
1.7377599999999997
6.16905
8.851289999999999
5.580430000000001
5.33139
9.077639999999999
8.77131
1.94753
5.29062
8.13265
1.2271100000000001
7.7866800000000005
7.963260000000001
8.96835
9.78001
2.1266599999999998
5.20132
4.21783
8.094610000000001
4.75638
9.8225
9.51154
4.75525
2.82029
6.50242
6.36698
9.17212
8.21391
8.65147
6.614510000000001
8.548630000000001
7.760280000000001
4.16357
6.00028
3.6378699999999995
2.96162
4.94988
8.56097
6.75294
6.35634
6.520630000000001
3.11924
7.38997
3.60429
2.42834
2.38729
1.93862
5.586790000000001
9.222380000000001
9.27523
6.00749
7.6359699999999995
9.09482
4.17735
9.95957
1.0745
8.446810000000001
2.95873
9.74107
5.081230000000001
7.888139999999999
9.5972
9.89911
4.78083
2.59761
1.9706299999999999
9.03801
9.25356
6.649439999999999
1.9482599999999999
8.53696
5.58113
7.108910000000001
5.39446
4.65608
2.76425
3.4974800000000004
7.22997
3.37501
9.99387
1.41783
9.25573
7.114660000000001
1.9364299999999999
3.2728099999999998
5.86028
4.44651
4.44487
7.2997
5.89312
7.1942699999999995
3.75083
2.20911
9.29042
8.78464
7.3201
5.408930000000001
6.3891800000000005
5.14269
2.66994
6.63225
7.239719999999999
4.206919999999999
4.12862
3.5282199999999997
1.33965
6.74949
7.682189999999999
1.40276
8.73155
2.3332900000000003
9.16028
2.61706
3.4889699999999997
9.388119999999999
9.80921
6.4144
3.1787099999999997
8.44083
3.1947099999999997
8.98521
5.67098
7.35873
8.46033
3.0981400000000003
7.37977
6.97225
9.36918
9.97631
6.6437
9.01233
8.44698
5.19252
7.45856
2.96121
3.5560300000000002
9.07972
9.11543
9.04809
8.08183
9.53529
7.8722199999999996
6.262230000000001
6.71758
2.62776
1.62825
2.52467
4.27902
6.681089999999999
9.74433
9.6551
7.153110000000001
4.26144
5.41626
3.71527
7.418839999999999
8.98832
2.69502
2.5259099999999997
1.85632
5.30185
7.72598
4.29155
2.21714
3.2980400000000003
9.83371
3.3237400000000004
6.55204
8.62734
8.11459
1.7941200000000002
9.00568
5.21031
3.03151
2.54222
5.993469999999999
5.61458
8.88623
9.77215
1.28387
6.92628
3.3607
9.47528
6.456980000000001
5.72679
8.64455
8.54151
5.8085
3.85676
7.538689999999999
9.133989999999999
5.03413
3.94582
2.5610000000000004
6.84961
7.338419999999999
5.96782
1.23766
2.16368
5.71709
5.90866
7.926760000000001
3.3561199999999998
2.65482
4.9221
1.99174
1.58555
3.76415
4.240530000000001
8.148019999999999
5.39989
3.40136
8.81273
5.22604
3.04285
5.8296
4.64348
5.7081800000000005
8.53073
4.75378
6.85226
4.929119999999999
6.6791
7.2269
2.4702
9.88415
6.22414
6.04075
1.42046
8.74708
1.5987200000000001
9.65
1.36127
7.3083100000000005
1.8705599999999998
3.52955
7.55903
8.51472
6.97386
4.34636
7.83763
1.53115
4.80532
9.1376
6.1112
7.7896399999999995
1.80843
2.42145
9.41041
8.21775
9.40793
4.84755
8.2583
3.98745
8.60437
4.580509999999999
2.4230099999999997
2.47703
9.84273
6.659839999999999
3.85815
4.18795
6.56015
4.855230000000001
7.150860000000001
8.26768
7.3751
5.1546
8.06679
9.38596
6.375290000000001
2.4416700000000002
9.39144
9.97145
7.956169999999999
8.94618
4.85652
7.41829
8.064869999999999
6.40954
6.725789999999999
1.38818
2.2959400000000003
8.87525
3.5533300000000003
6.09679
1.43963
3.85846
6.883710000000001
1.7308700000000001
1.71308
8.95683
1.6569900000000002
4.70763
9.071
1.07305
7.2063
4.880730000000001
7.5458300000000005
6.27578
2.4697
1.07459
2.73671
4.99138
5.172630000000001
3.5793
9.709010000000001
8.48966
2.55075
3.05767
7.015039999999999
2.98634
2.36125
3.72868
1.78393
4.73897
7.035769999999999
6.19268
4.78178
5.11705
3.60174
3.38499
7.36247
5.55754
6.15578
1.07297
5.3106
8.47616
1.61905
8.9363
6.52359
3.79389
6.57187
9.63008
8.062330000000001
8.872630000000001
1.5142200000000001
3.9514099999999996
2.9336
7.393
7.53735
6.596439999999999
5.26353
3.25217
5.67411
7.95665
9.794410000000001
8.49944
1.81663
9.59512
9.291030000000001
8.808539999999999
3.90135
2.6958599999999997
7.155010000000001
5.6885900000000005
8.6413
2.2631799999999997
1.23325
3.35952
5.57388
6.7442
8.87444
2.61194
1.2505700000000002
4.90273
5.13206
5.37701
4.97605
7.72277
5.239330000000001
1.92388
4.855180000000001
5.47428
4.820930000000001
2.42686
9.58653
9.85332
2.80982
2.5678099999999997
2.85143
6.23516
1.21399
9.4175
8.64598
5.86379
1.41192
6.77922
2.85202
2.0143
4.39814
4.65909
1.18641
2.8222400000000003
3.61807
7.851939999999999
6.30468
7.564439999999999
5.58425
7.04131
1.3658
2.32836
7.55933
1.1511799999999999
7.88972
5.0757
1.92587
6.42874
5.74138
1.92484
7.0793
9.0537
3.43586
1.79919
3.62943
3.02898
8.92247
1.1066200000000002
7.87229
1.2045
2.09935
3.14417
9.10544
2.27142
9.40208
2.38899
8.41645
8.78762
3.44391
8.84957
9.66723
2.66365
3.70747
7.08332
9.41622
7.28159
5.9444099999999995
3.55767
4.680969999999999
1.53328
1.8737700000000002
4.7067
9.91483
6.03097
4.3396099999999995
8.39308
5.6165400000000005
1.8612400000000002
7.41935
8.3911
3.7729
2.1638
7.4001
1.58704
1.48201
3.31903
5.44752
8.55062
9.9565
6.36216
8.766160000000001
1.11297
1.80017
5.90333
4.33592
1.7597599999999998
2.70388
2.03809
5.62478
9.04797
6.63992
3.5864800000000003
1.97715
4.00251
3.22024
8.828380000000001
6.57989
2.7824400000000002
5.22077
2.0647900000000003
4.33197
2.49237
2.61456
9.7935
1.74435
2.40299
8.167119999999999
5.18018
8.53698
2.09206
4.97034
5.70371
4.05005
6.44672
7.91977
4.67247
3.71178
5.71786
3.2568799999999998
3.5278699999999996
2.87777
2.72936
4.0629
4.68573
2.91201
4.58559
8.433119999999999
2.77458
3.21569
8.63823
3.7088400000000004
4.47998
2.22507
3.9333699999999996
6.51844
2.4525799999999998
7.622269999999999
8.10131
2.18539
2.25291
1.8795400000000002
2.0278
3.21599
1.39504
7.432010000000001
6.495369999999999
4.48273
4.56248
8.367460000000001
2.888
8.43486
1.08742
1.8105900000000001
7.9518
6.55092
5.9237400000000004
1.40834
5.28598
5.4749099999999995
9.672139999999999
4.20887
3.8208599999999997
7.32523
4.39913
3.15531
9.8105
7.452789999999999
7.1644
6.578360000000001
2.46558
7.4828399999999995
1.52434
4.75045
6.2229
1.74675
3.07262
3.3257199999999996
9.676260000000001
1.6766900000000002
6.71409
8.60714
9.91009
1.0562
9.215019999999999
3.3315
5.58409
1.80083
5.997719999999999
4.96753
7.45914
7.20827
5.90383
2.75981
2.66227
9.87214
6.71156
3.39655
4.5176300000000005
6.69805
5.3381
8.47603
9.87787
2.16486
7.987360000000001
5.13266
9.77465
4.338769999999999
1.7117099999999998
8.03064
8.82063
8.861369999999999
2.2496099999999997
8.85028
1.87749
7.09122
7.4992
5.89364
3.13348
2.03377
6.68213
7.54208
9.56208
8.07497
4.3016
5.1746099999999995
1.68662
4.55947
5.7321599999999995
4.12742
4.93984
5.413119999999999
2.2332
4.5698300000000005
8.625860000000001
9.124089999999999
1.9136099999999998
6.111330000000001
9.38866
9.25335
6.16589
9.87096
8.36784
4.84132
4.83816
1.86725
5.3141
6.55155
3.13192
4.516430000000001
5.20209
6.80324
8.718760000000001
7.53707
9.43907
2.68549
1.3188799999999998
8.385060000000001
3.4208300000000005
8.447000000000001
9.72799
6.91102
4.62838
3.5888699999999996
8.956
2.3127299999999997
6.71091
1.24055
7.2373899999999995
9.36007
3.43033
8.97733
7.86918
2.5480400000000003
8.21889
9.7621
6.614669999999999
6.92865
8.11892
5.63313
7.30728
7.475239999999999
3.84216
2.12626
1.5296299999999998
1.07103
7.658919999999999
1.5770600000000001
8.12915
5.19369
6.24564
6.04697
7.83563
7.94698
4.07998
9.36551
9.64264
5.42955
9.53161
4.90604
9.882760000000001
4.36115
7.3338
2.78697
1.20904
6.0111300000000005
1.63147
7.455489999999999
2.12783
1.6486299999999998
9.807789999999999
5.25916
2.90156
6.89285
8.031410000000001
5.574319999999999
1.34955
3.9099800000000005
6.29271
6.97018
6.644989999999999
1.06588
4.60481
3.95415
8.94622
3.76511
8.32386
1.1202299999999998
5.83609
8.22804
2.35535
5.51874
3.9458300000000004
9.3914
4.64536
6.72859
8.85603
8.42252
1.96475
4.2352300000000005
6.91642
8.50844
6.15724
4.3848400000000005
6.799580000000001
4.89294
8.57857
9.417110000000001
7.360310000000001
7.925730000000001
7.98813
8.41182
4.5587599999999995
8.01485
2.3858900000000003
2.92198
3.4962699999999995
7.29397
4.4339900000000005
1.62839
9.06498
5.47973
2.71102
2.1988
5.8467199999999995
7.478110000000001
9.32795
4.9695599999999995
9.092189999999999
8.894969999999999
1.1124100000000001
5.19897
6.88722
4.23244
4.65278
8.84912
3.09388
1.14826
3.87437
8.738380000000001
5.1759699999999995
2.2921
3.96191
1.02452
3.62256
1.2843
3.6274699999999998
1.94518
8.18409
8.67325
9.485610000000001
7.42996
7.16183
9.66646
2.3804
9.76952
5.20999
2.31104
1.81203
7.22518
8.204089999999999
2.1907099999999997
4.1267
3.2247
4.83115
8.39333
1.36389
6.05328
9.07882
4.10421
3.4249400000000003
7.81456
6.5027099999999995
9.78159
4.58286
7.166180000000001
3.47453
6.680060000000001
5.2679
8.10758
2.96013
7.08177
8.49208
5.62487
8.73874
5.71887
6.94482
1.44264
5.48241
8.779539999999999
9.25872
5.3923
7.586110000000001
4.99881
3.32295
8.126489999999999
3.38513
6.06566
1.48306
4.25597
8.382480000000001
8.76722
3.8734599999999997
5.18941
3.45621
9.962860000000001
3.7194599999999998
4.05828
