11.950000000000001
11.9
11.850000000000001
11.8
11.75
11.700000000000001
11.65
11.600000000000001
11.55
11.5
11.450000000000001
11.4
11.350000000000001
11.3
11.25
11.200000000000001
11.15
11.100000000000001
11.05
11.0
10.950000000000001
10.9
10.850000000000001
10.8
10.75
10.700000000000001
10.65
10.600000000000001
10.55
10.5
10.450000000000001
10.4
10.350000000000001
10.3
10.25
10.200000000000001
10.15
10.100000000000001
10.05
10.0
9.950000000000001
9.9
9.850000000000001
9.8
9.75
9.700000000000001
9.65
9.600000000000001
9.55
9.5
9.450000000000001
9.4
9.35
9.3
9.25
9.200000000000001
9.15
9.1
9.05
9.0
8.950000000000001
8.9
8.85
8.8
8.75
8.700000000000001
8.65
8.6
8.55
8.5
8.450000000000001
8.4
8.35
8.3
8.25
8.200000000000001
8.15
8.1
8.05
8.0
7.95
7.9
7.8500000000000005
7.800000000000001
7.75
7.7
7.65
7.6000000000000005
7.550000000000001
7.5
7.45
7.4
7.3500000000000005
7.300000000000001
7.25
7.2
7.15
7.1000000000000005
7.050000000000001
7.0
6.95
6.9
6.8500000000000005
6.800000000000001
6.75
6.7
6.65
6.6000000000000005
6.550000000000001
6.5
6.45
6.4
6.3500000000000005
6.300000000000001
6.25
6.2
6.15
6.1000000000000005
6.050000000000001
6.0
5.95
5.9
5.8500000000000005
5.800000000000001
5.75
5.7
5.65
5.6000000000000005
5.550000000000001
5.5
5.45
5.4
5.3500000000000005
5.300000000000001
5.25
5.2
5.15
5.1000000000000005
5.050000000000001
5.0
4.95
4.9
4.8500000000000005
4.800000000000001
4.75
4.7
4.65
4.6000000000000005
4.55
4.5
4.45
4.4
4.3500000000000005
4.3
4.25
4.2
4.15
4.1000000000000005
4.05
4.0
3.95
3.9000000000000004
3.85
3.8000000000000003
3.75
3.7
3.6500000000000004
3.6
3.5500000000000003
3.5
3.45
3.4000000000000004
3.35
3.3000000000000003
3.25
3.2
3.1500000000000004
3.1
3.0500000000000003
3.0
2.95
2.9000000000000004
2.85
2.8000000000000003
2.75
2.7
2.6500000000000004
2.6
2.5500000000000003
2.5
2.45
2.4000000000000004
2.35
2.3000000000000003
2.25
2.2
2.15
2.1
2.0500000000000003
2.0
1.9500000000000002
1.9000000000000001
1.85
1.8
1.75
1.7000000000000002
1.6500000000000001
1.6
1.55
1.5
1.4500000000000002
1.4000000000000001
1.35
1.3
1.25
1.2000000000000002
1.1500000000000001
1.1
1.05
1.0
0.9500000000000001
0.9
0.8500000000000001
0.8
0.75
0.7000000000000001
0.65
0.6000000000000001
0.55
0.5
0.45
0.4
0.35000000000000003
0.30000000000000004
0.25
0.2
0.15000000000000002
0.1
0.05
0.0
